Open,MaxOpen
265.1,1209
