Open,MaxOpen
265.78,1206
