Open,MaxOpen
225.56,178
