Open,MA50
234.05,219.5
