Open,MaxOpen
230.22,171
