Open,MaxOpen
173.57,580
