Open,MaxOpen
237.04,526
