Open,MA50
263.06,268.47
