Open,MaxOpen
255.46,730
