Open,MA50
162.17,163.19
