Open,MaxOpen
307.38,195
