Open,MaxOpen
111.95,337
