Open,MaxOpen
241.2,399
