Open,MaxOpen
352.32,171
