Open,MaxOpen
244.83,465
