Open,MaxOpen
90.48,430
