Open,MaxOpen
87.57,1090
