Open,MaxOpen
261.82,226
