Open,MaxOpen
145.94,349
