Open,MA50
154.28,164.9
